Pixel (0, 0): [ 35 206 163]
Pixel (1, 0): [ 75 115 121]
Pixel (2, 0): [ 61  39 251]
Pixel (3, 0): [ 51 160 108]
Pixel (4, 0): [150 174  96]
Pixel (0, 1): [102  59  76]
Pixel (1, 1): [143  72   5]
Pixel (2, 1): [197 240 122]
Pixel (3, 1): [ 93 246  44]
Pixel (4, 1): [ 96 124 187]
Pixel (0, 2): [107  85 164]
Pixel (1, 2): [ 40 220  16]
Pixel (2, 2): [239  42  33]
Pixel (3, 2): [ 14 178 226]
Pixel (4, 2): [203 219  60]
Pixel (0, 3): [ 58  30 153]
Pixel (1, 3): [ 62  47 242]
Pixel (2, 3): [218  18  83]
Pixel (3, 3): [ 43 120 109]
Pixel (4, 3): [ 21  24 118]
Pixel (0, 4): [  3 231 116]
Pixel (1, 4): [214  94 175]
Pixel (2, 4): [164 134 205]
Pixel (3, 4): [135 200  43]
Pixel (4, 4): [163  48 170]